$ANSIBLE_VAULT;1.1;AES256
65326134363265373262666238323465636634316532646135386330313738346330613564623039
3439333661396462306438616139323438643834356231310a646531326232663962633264643734
66333864353130666231623337336539393963383436343835346364636431373261363166316535
3233396638353365360a376264623734343635333433323061653234396233356664343435643637
63636361366164343533663339353233383336323261326533316430633566343539306564373865
32343064376131363032613438366561633663366137386535643434313039366530336630383933
30313937376633363965663337333832323533366161653634353733613632376530633838373435
62303337303766316134616366633030633730316661376462373162656639306363613135376564
66613137306136653664376233663335333333373765653566386634336665626439356262613563
38666466633436326561313935303266346166653363613930333064666463373530643233346537
66326461626338303666666330376232313531646233343035363030316562633962616266356463
38663430346162363262376466323734393563396238356361623334303234636166643164393864
62343634613437653831626534643137323965333235306536303936393930316533343161616538
30643338306464333333623231643231343630303965636134643763336462353032346662313639
34616664626161323663346363363762303937343434343364343935353265353331313632633535
31653964643831613061353262363139613764323862353663333866383963663935366334396538
32656636663832393861316632363634646333303966353661613463343436316366353866613135
33653766653261383064656632303830323338643662666232626335376534396639643531663830
62383237646665393636396238633234323634623433646435653631313931353666363464386564
62386366626662633131333338666638336461333563343362383039323833353866336235613138
33663263336637633863386364366634383439373932626231353432326334396363376561393330
34653135663436613862376636623639306332393264303034363566366137386365316235366131
62643665613434363933613135653433303930393362346336383839393933646566343032376636
33346162343234663336313130666237383762633265356165326466346237353133376262363138
37666263363730316133386463613034666532363261646332653931643663633335323636366138
31383039633037653161323634626630363333356661653937653930333563393237393765333939
61333338326130366264323434366439643534383064353531373062333262353031306639616337
66306239303463356464
